98
87
100
117
110
74
77
118
81
107
51
276
284
272
76
66
71
275
69
277
136
273
103
62
67
137
72
82
79
144
146
147
141
159
102
84
142
279
305
320
106
99
58
184
286
158
168
178
180
236
330
289
265
266
290
252
190
355
363
393
378
374
397
384
398
431
405
437
438
440
439
442
429
456
453
413
427
381
458
498
469
467
472
480
502
475
481
534
484
504
543
522
539
535
536
537
509
544
546
531
545
541
558
576
571
573
555
329
640
604
643
629
446
450
302
314
428
435
455
461
468
488
508
519
505
538
575
574
577
628
638
642
586
635
644
598
603
663
649
672
695
702
716
725
701
750
760
769
758
771
783
792
790
772
804
737
862
832
830
728
826
824
726
497
707
553
246
433
486
489
490
605
524
836
802
618
614
86
620
631
718
70
854
859
127
129
131
135
215
228
209
138
242
244
151
1
166
188
165
257
56
321
85
90
185
232
182
243
344
348
349
292
93
297
337
368
338
380
105
301
383
379
407
436
408
174
288
424
335
260
248
262
253
295
351
296
50
371
89
396
406
361
409
404
410
420
342
416
419
399
421
366
341
412
448
449
459
457
466
487
471
463
506
515
513
512
507
532
510
542
533
529
564
559
639
596
597
658
278
653
651
665
674
664
600
636
686
650
685
691
717
723
673
390
735
732
657
747
754
699
741
762
761
765
776
782
791
786
814
811
637
562
654
561
669
667
647
683
630
679
670
693
656
692
652
671
689
696
705
703
713
724
715
528
666
714
768
763
781
733
860
738
821
863
226
491
591
496
659
660
676
712
720
849
838
213
223
216
212
205
153
201
75
60
124
134
73
280
285
331
350
319
364
324
300
441
261
470
482
323
478
570
572
585
554
595
347
352
369
203
382
389
303
328
411
294
417
386
444
479
499
520
526
530
609
556
688
721
709
752
753
780
794
633
842
818
823
645
494
801
806
613
111
617
394
704
616
684
2
848
857
852
59
207
162
167
68
251
270
191
198
200
91
132
54
10000000
113
307
112
109
245
485
521
578
590
697
677
708
739
751
749
770
822
834
828
846
813
864
563
306
493
745
445
602
154
621
495
401
748
856
52
57
227
192
199
194
193
96
143
189
281
104
108
181
186
202
187
235
250
255
268
317
19
177
358
360
365
304
298
372
426
418
204
443
309
173
340
345
313
322
356
247
325
367
377
299
414
375
415
241
460
500
518
511
540
587
589
700
764
820
840
817
808
612
157
220
221
16
97
133
29
327
176
179
233
422
464
462
474
503
501
477
527
551
318
550
552
567
566
565
547
627
388
516
582
549
579
354
454
476
626
588
593
641
690
727
736
777
787
759
810
858
831
825
819
730
88
812
432
434
594
608
661
634
844
833
130
853
128
65
152
217
229
148
164
269
271
78
155
64
161
114
115
156
172
169
183
254
258
343
259
357
291
333
376
385
423
447
206
211
224
145
197
196
21
94
63
230
256
4
395
315
283
95
139
92
282
175
339
214
359
208
32
373
353
10
9
557
668
722
33
755
766
756
625
687
742
11
850
8
31
267
3
795
805
851
218
163
274
210
237
362
402
425
310
392
326
346
568
580
517
680
710
729
734
767
797
799
581
861
615
548
632
773
584
219
116
264
14
170
239
240
332
263
403
829
815
731
746
682
80
287
53
334
336
311
569
655
694
809
525
61
150
222
126
238
583
678
793
837
816
452
483
492
610
619
622
785
744
855
391
370
560
803
827
624
681
55
195
30
312
451
835
514
599
623
843
839
607
775
387
430
606